10 5
11 4
12 3
13 2
14 1
15 1
16 2
17 3
18 4
19 5
20 5
21 4
22 3
23 2
24 1
25 1
26 2
27 3
28 4
29 5
30 5
31 4
32 3
33 2
34 1
35 1
36 2
37 3
38 4
39 5
41 5
42 4
43 3
44 2
45 2
46 3
47 4
48 5
51 5
52 4
53 3
54 2
55 2
56 3
57 4
58 5
61 5
62 4
63 3
64 2
65 2
66 3
67 4
68 5
72 5
73 4
74 3
75 3
76 4
77 5
82 5
83 4
84 3
85 3
86 4
87 5
92 5
93 4
94 3
95 3
96 4
97 5
102 5
103 4
104 3
105 3
106 4
107 5
103 4
104 3
105 3
106 4
113 5
114 4
115 4
116 5
123 5
124 4
125 4
126 5
133 5
134 4
135 4
136 5
144 5
145 5
154 5
155 5
164 5
165 5
174 5
175 5
